>> new_method
Key	Val	Prob
1	1	1.000000
2	1	1.000000
3	1	1.000000
4	1	1.000000
5	1	1.000000
6	1	1.000000
7	1	1.000000
8	1	1.000000
9	1	1.000000
1	2	1.000000
2	2	0.750000
3	2	0.625000
4	2	0.562500
5	2	0.531250
6	2	0.515625
7	2	0.507812
8	2	0.503906
9	2	0.501953
1	3	1.000000
2	3	0.666667
3	3	0.500000
4	3	0.416667
5	3	0.375000
6	3	0.354167
7	3	0.343750
8	3	0.338542
9	3	0.335938
1	4	1.000000
2	4	0.625000
3	4	0.447917
4	4	0.355035
5	4	0.305194
6	4	0.278652
7	4	0.264718
8	4	0.257500
9	4	0.253800
1	5	1.000000
2	5	0.600000
3	5	0.420000
4	5	0.325667
5	5	0.271106
6	5	0.239233
7	5	0.221106
8	5	0.211121
9	5	0.205769
1	6	1.000000
2	6	0.583333
3	6	0.402778
4	6	0.308796
5	6	0.253272
6	6	0.218163
7	6	0.196189
8	6	0.183015
9	6	0.175467
1	7	1.000000
2	7	0.571429
3	7	0.391156
4	7	0.297943
5	7	0.242431
6	7	0.206397
7	7	0.182054
8	7	0.166009
9	7	0.155984
1	8	1.000000
2	8	0.562500
3	8	0.382812
4	8	0.290411
5	8	0.235189
6	8	0.198934
7	8	0.173779
8	8	0.155949
9	8	0.143723
1	9	1.000000
2	9	0.555556
3	9	0.376543
4	9	0.284894
5	9	0.230026
6	9	0.193798
7	9	0.168359
8	9	0.149846
9	9	0.136241

row index = keysize
col index = valsize
final_compare =

    1.0000    2.0000    3.0000    4.0000    5.0000    6.0000    7.0000    8.0000    9.0000
    1.0000    1.5000    2.0000    2.5000    3.0000    3.5000    4.0000    4.5000    5.0000
    1.0000    1.2500    1.5000    1.7917    2.1000    2.4167    2.7381    3.0625    3.3889
    1.0000    1.1250    1.2500    1.4201    1.6283    1.8528    2.0856    2.3233    2.5640
    1.0000    1.0625    1.1250    1.2208    1.3555    1.5196    1.6970    1.8815    2.0702
    1.0000    1.0312    1.0625    1.1146    1.1962    1.3090    1.4448    1.5915    1.7442
    1.0000    1.0156    1.0312    1.0589    1.1055    1.1771    1.2744    1.3902    1.5152
    1.0000    1.0078    1.0156    1.0300    1.0556    1.0981    1.1621    1.2476    1.3486
    1.0000    1.0039    1.0078    1.0152    1.0288    1.0528    1.0919    1.1498    1.2262